3.140206
3.146207
3.130098
3.137341
3.137205
3.147889
3.149847
3.138041
3.145512
3.137705
3.142793
3.146463
3.140880
3.146929
3.140260
3.132352
3.130397
3.140743
3.141936
3.145458
3.149646
3.142839
3.152506
3.140697
3.137823
3.143431
3.144335
3.138768
3.134636
3.135698
3.145942
3.138505
3.145257
3.146709
3.144170
3.141745
3.128381
3.140279
3.137805
3.144472
3.146463
3.137841
3.143678
3.130270
3.141426
3.139259
3.141107
3.139778
3.142009
3.135834
3.138123
3.144179
3.132316
3.148831
3.138523
3.138696
3.139560
3.142711
3.136778
3.130967
3.135888
3.145056
3.136733
3.138496
3.138368
3.144755
3.140470
3.143450
3.140024
3.138159
3.140907
3.145211
3.138950
3.140406
3.143650
3.143331
3.135761
3.142355
3.139496
3.150388
3.144271
3.144974
3.144262
3.141380
3.139287
3.139860
3.146563
3.138923
3.140716
3.135861
3.140861
3.139632
3.139105
3.139632
3.139842
3.146526
3.141262
3.144855
3.138705
3.140907
